ip=192.168.1.156;
port=3000;
login=888888;
pass=888888;
CapturePath=../photos/;

# параметры окружающей среды
AirTemp=25;
Emissivity=0.900000;
Humidity=1.200000;
Distance=5;
